39
2317
1401
779
1763
1976
2401
30
1699
787
617
1045
2256
1220
1702
1070
1072
1411
1596
40
2186
982
816
2110
2118
400
2420
2192
799
1520
809
1341
316
1349
1456
1979
450
1191
318
872
220
1946
2002
1037
671
320
1447
15
961
1692
2063
2104
755
716
527
2057
1012
1528
269
2439
371
2013
1522
1141
1861
966
1680
2492
612
1392
67
427
278
1269
1503
1535
162
1231
1940
2495
1539
375
572
56
1542
1551
2143
2314
624
1962
752
720
2269
1281
2373
576
1930
2302
511
2225
2426
1901
2289
1090
912
161
2189
1594
256
1061
296
2246
2505
262
672
2018
1657
1772
738
1780
1495
115
2324
1713
2197
2429
1910
1202
2109
1706
987
676
152
1788
2318
706
1198
1838
1524
130
1933
1064
1222
1505
1653
1014
1870
1712
1000
2344
1652
2005
1178
1711
1849
1426
1299
620
2228
1897
579
1924
86
1084
2208
382
1221
1286
1660
1799
2472
685
694
1890
1146
2475
1977
2151
1939
2485
2304
319
49
2198
934
2082
2283
2014
978
1193
490
602
741
73
2467
1883
767
1682
545
1031
514
1929
2140
1371
668
1754
2012
2303
1884
2101
2301
2194
651
587
1246
618
2432
1100
363
1108
1374
2451
1423
536
293
380
156
159
702
1303
584
1406
1445
1863
1046
510
167
118
1011
736
2049
682
554
662
1018
837
791
603
1174
1293
1115
2365
444
202
1247
2278
1515
1726
1546
2180
626
1752
547
272
2044
221
401
2230
429
1125
654
1821
714
2077
1636
1256
2327
888
1820
1859
962
1344
21
1802
1915
1352
1635
1691
1053
1204
1203
2336
2493
103
2369
1414
457
2009
959
2321
1819
2408
644
1367
1166
2281
489
878
223
1097
890
1241
1402
1805
1095
1900
1311
483
928
2264
1175
552
1969
1599
1212
2216
957
462
1491
124
784
1544
2287
2211
1595
688
1473
231
975
800
2075
1498
1479
647
303
792
112
797
2065
707
2273
1807
944
2092
1811
1730
2074
0
607
2292
2353
1413
2083
1896
1149
1591
54
50
2497
2096
1958
909
1609
1242
2382
1244
895
414
2500
1506
821
208
772
307
917
171
757
265
1280
1983
2238
1016
742
1027
2406
1010
2
1615
1472
690
1704
2070
825
376
1729
1400
270
257
788
2220
309
1312
505
435
1538
1112
43
1857
633
466
2441
1665
1661
1441
865
1641
1624
885
2148
2195
2396
525
2507
224
1474
1943
847
807
304
2438
2055
1784
1077
632
432
701
622
1419
1296
2169
226
383
750
1266
1015
1513
2390
1309
1997
351
395
1043
1625
1412
397
2071
283
1560
1694
960
1021
1533
280
261
932
1273
62
1207
673
623
1703
891
1855
399
475
1074
1049
1628
1399
1052
1356
1387
1982
2000
765
440
920
1972
1737
1063
1566
14
438
1878
2418
735
2050
1974
407
239
426
1137
2398
882
1213
1320
1647
653
843
96
1655
964
846
1357
1318
1651
907
927
669
733
2149
240
775
84
98
1659
1761
133
2076
412
729
1611
1132
794
1238
726
981
2130
2207
404
1359
976
1157
1038
2494
2446
181
1214
2290
1404
763
1227
1487
1759
1417
1276
585
445
2444
783
2223
219
1957
1854
2153
95
2430
930
1720
1189
446
2152
1717
2202
1808
1892
41
336
1200
866
200
562
1477
289
1714
1448
2093
2022
495
1131
746
918
2270
2245
1186
449
1234
664
1867
1407
958
1397
1934
1964
541
1813
81
25
680
1514
818
913
515
2424
943
1642
1078
322
317
2156
267
2334
456
2167
670
1362
1475
1130
1945
447
2122
723
2162
387
352
1740
538
1410
862
2111
500
487
1552
1753
2319
345
1949
1436
2476
1177
90
1226
23
710
887
198
2456
988
1971
1114
2210
2136
638
354
1020
1593
329
2415
254
972
1869
906
1324
70
529
692
660
1955
2487
2458
1570
1143
332
2200
2284
1331
337
324
381
1488
1041
577
803
2434
2237
1126
535
2389
343
2125
143
977
2368
1
727
1777
744
1152
2465
2142
1991
1708
1469
2285
2040
949
1984
1865
1040
1536
1335
1669
1428
1555
650
299
761
1663
63
2235
760
1654
36
2402
66
437
1444
2412
835
703
2407
2391
1025
828
2335
2145
1529
225
2271
2036
2219
1920
281
1223
1187
582
1871
2496
120
235
1028
1156
1433
1058
2257
341
1888
1036
2379
1736
2069
2147
1420
199
1145
1537
1850
1215
942
1592
1721
1290
2328
883
855
2352
780
1693
2417
2299
1361
2498
454
1907
1644
35
448
1751
19
498
1136
1715
1314
291
89
313
121
880
1497
1670
1384
801
1434
923
2502
1162
1339
301
1500
1319
325
2052
845
2433
1623
1502
2411
1887
494
1812
1728
689
229
34
1550
92
1196
2023
1377
1543
1616
1439
684
1209
567
1431
1454
4
377
1781
1416
174
1169
581
1144
1914
1918
1583
1483
259
2250
2313
1390
394
26
1559
1252
497
2376
331
496
1429
796
1872
2364
782
2212
1480
1006
1470
2097
1579
1613
1638
413
700
250
655
1300
353
732
132
2280
504
65
1054
2032
1776
1848
528
154
591
2233
948
881
97
544
1066
1345
1738
1047
1393
1236
1181
1558
362
897
453
1370
915
687
580
1791
1065
1005
1233
786
2078
321
1645
2214
1840
2387
2172
1978
1627
2509
933
302
2020
728
334
2158
712
2010
286
984
1512
180
137
1527
346
201
1965
396
1210
2491
2488
813
1835
1921
1245
2260
2221
2138
774
1183
1229
649
947
1083
592
5
2330
373
148
2030
361
1168
1988
1822
839
2108
769
1783
2359
2312
1091
759
773
1185
1690
1270
551
1492
2124
708
635
524
1507
1672
892
777
277
1134
172
1666
1195
2300
849
1941
640
645
1455
1785
1261
211
2361
178
1779
718
1724
442
458
1268
2178
1868
75
335
642
1340
1586
227
667
1755
106
674
431
1601
2470
2234
2103
679
2400
790
1471
1217
1562
2177
2291
1656
474
1716
245
1199
206
484
1814
521
564
1039
1351
182
1082
1461
2046
312
2357
1950
1330
276
1023
1968
1044
1259
1650
406
2231
646
1787
195
1364
1277
421
1517
2311
2466
1689
1603
1275
2199
1598
1947
1496
770
1430
1622
2450
904
155
338
481
42
1856
824
288
1607
32
1462
2163
327
1567
2347
758
2144
910
292
1194
1048
1159
768
2425
613
639
2236
704
28
1739
1147
1709
1337
389
1927
294
1109
1408
1553
2255
1818
1727
1928
1600
83
1105
938
1790
590
99
1634
1059
1079
2215
330
1327
11
1001
1208
1578
531
1564
1662
1519
308
203
2375
119
1024
1254
677
268
999
93
2455
1257
2068
367
2185
2187
857
1985
1129
364
1140
1990
1354
899
593
1190
1936
2224
858
479
1767
1795
1951
48
840
566
1678
1842
589
2181
2137
1534
2171
2481
465
2259
122
1004
1142
691
169
1467
1120
1240
1605
53
1409
830
2442
730
1632
459
2080
540
1770
850
979
64
2395
875
1274
811
205
1248
739
1135
1295
965
2106
94
2435
1332
177
2188
158
874
215
1688
1258
2088
683
628
1980
1288
2154
2392
1895
2183
57
1619
884
1762
1837
2129
149
1317
482
123
344
2213
114
826
1817
630
776
2218
126
1442
247
452
1554
619
207
1834
652
2127
2001
388
233
1315
2033
802
1291
1388
348
1119
1565
2489
405
1557
1494
764
1118
996
146
921
2098
1205
754
1385
2358
213
263
8
297
1088
1617
2115
147
1369
51
339
80
2308
1725
323
287
953
1993
1881
1073
919
870
2091
1017
1334
1975
1086
1926
631
2310
1718
1923
1806
2105
2157
924
1925
951
491
242
2326
568
553
1793
1733
596
1797
410
1432
748
1989
2377
852
2114
1450
1696
1250
326
1764
2348
1329
260
2066
2409
740
1614
834
2471
1067
1051
1899
1937
88
1465
349
139
2360
616
1953
85
71
480
2473
614
609
20
2085
1489
661
549
901
2374
165
2196
282
1828
753
583
2266
1360
574
2166
659
853
284
1610
214
209
1451
1843
2064
1458
1563
1368
2249
606
1769
1523
1637
2043
1148
385
1938
135
2072
275
795
1348
1466
1173
634
1102
1756
246
2247
1267
905
695
1931
38
2346
1572
136
1255
170
1415
1604
973
997
657
1322
193
2024
194
2333
798
2016
1155
2468
506
2008
1165
2240
244
2474
461
1786
937
1101
518
2117
2421
486
384
1732
1218
164
844
204
900
379
125
1464
724
1107
1164
2173
243
499
443
1167
1633
52
2370
1571
2378
868
1372
1160
1698
1687
422
347
914
441
1758
998
1540
1305
926
102
439
1961
968
2307
1744
2146
1265
542
1668
532
954
1999
533
2286
2393
1379
101
1851
751
785
1875
2385
1271
940
1686
1484
1504
2288
183
1904
1139
2367
2405
230
108
1170
2190
1151
1350
1545
1612
2058
492
681
762
274
234
1007
2168
187
936
2067
2120
836
355
2139
815
991
1509
1422
2490
1986
342
91
1249
2332
1272
47
37
766
1841
1449
471
1618
2179
460
216
2135
2508
1034
1734
485
1889
1308
197
185
1060
1237
737
1809
894
473
2007
2003
2265
87
1313
621
1518
1948
1490
573
1075
248
2159
2383
1071
1386
2160
869
2019
832
2182
468
372
1903
232
1123
2443
1239
516
2126
569
863
192
711
1033
1987
1172
558
1846
2337
1568
994
2437
29
1163
116
877
1963
2155
415
314
1282
675
2452
1676
45
1396
822
2340
2460
1287
806
436
2243
879
464
434
2462
2248
597
1326
428
1639
271
1184
273
1094
2482
2038
2193
1089
985
1587
144
1530
1403
860
756
1042
747
1589
366
2119
2483
1057
1373
1022
393
2025
2090
160
715
1225
2217
2345
557
1816
512
1561
955
1002
61
1815
78
805
2150
1378
686
1742
2504
1055
1106
1216
1894
2506
24
1649
1501
1003
2294
27
